# Made in Blockbench 4.6.5
mtllib prop4.mtl

o bodyModel
v 0.18968661391890757 0.4687499999999982 -0.48270444893356146
v 0.1896866139189068 0.3124999999999983 -0.4827044489335614
v -0.3060358167679984 0.31250000000000083 -0.4174413528235356
v -0.3060358167679976 0.4687500000000008 -0.41744135282353567
v 0.28758125808394625 0.4687499999999979 0.26087919709679636
v -0.20814117260295892 0.46875000000000044 0.32614229320682214
v 0.28758125808394547 0.31249999999999795 0.2608791970967964
v -0.20814117260295972 0.3125000000000005 0.3261422932068222
v 0.16183975422492108 0.15624999999999978 -0.4365366801820073
v 0.16183975422492097 -2.220446049250313e-16 -0.4365366801820075
v -0.32630824933504565 -8.326672684688674e-17 -0.328316873212956
v -0.32630824933504554 0.1562499999999999 -0.3283168732129559
v 0.3241694646784982 0.15624999999999895 0.2956853251579428
v -0.16397853888146843 0.15624999999999906 0.4039051321269942
v 0.3241694646784981 -9.992007221626409e-16 0.29568532515794266
v -0.16397853888146852 -8.881784197001252e-16 0.403905132126994
v 0.024475982384272565 0.3124999999999994 -0.4156948969555779
v 0.024475982384272205 0.1562499999999995 -0.41569489695557793
v -0.3851000397602236 0.15625000000000033 -0.12890667878005496
v -0.3851000397602233 0.3125000000000003 -0.12890667878005488
v 0.4546583096475571 0.3124999999999982 0.198669136261166
v 0.0450822875030612 0.31249999999999906 0.4854573544366891
v 0.45465830964755666 0.15624999999999828 0.19866913626116592
v 0.045082287503060814 0.15624999999999908 0.485457354436689
vt 0.625 0.625
vt 0.75 0.625
vt 0.75 1
vt 0.625 1
vt 0 0.625
vt 0.5 0.625
vt 0.5 1
vt 0 1
vt 0.625 0.25
vt 0.75 0.25
vt 0.75 0.625
vt 0.625 0.625
vt 0 0.25
vt 0.5 0.25
vt 0.5 0.625
vt 0 0.625
vt 0.625 1
vt 0.5 1
vt 0.5 0.5
vt 0.625 0.5
vt 0.625 0
vt 0.5 0
vt 0.5 0.5
vt 0.625 0.5
vt 0.625 0.625
vt 0.75 0.625
vt 0.75 1
vt 0.625 1
vt 0 0.625
vt 0.5 0.625
vt 0.5 1
vt 0 1
vt 0.625 0.25
vt 0.75 0.25
vt 0.75 0.625
vt 0.625 0.625
vt 0 0.25
vt 0.5 0.25
vt 0.5 0.625
vt 0 0.625
vt 0.625 1
vt 0.5 1
vt 0.5 0.5
vt 0.625 0.5
vt 0.625 0
vt 0.5 0
vt 0.5 0.5
vt 0.625 0.5
vt 0.625 0.625
vt 0.75 0.625
vt 0.75 1
vt 0.625 1
vt 0 0.625
vt 0.5 0.625
vt 0.5 1
vt 0 1
vt 0.625 0.25
vt 0.75 0.25
vt 0.75 0.625
vt 0.625 0.625
vt 0 0.25
vt 0.5 0.25
vt 0.5 0.625
vt 0 0.625
vt 0.625 1
vt 0.5 1
vt 0.5 0.5
vt 0.625 0.5
vt 0.625 0
vt 0.5 0
vt 0.5 0.5
vt 0.625 0.5
vn -0.1305261922200516 4.602147248896049e-16 -0.9914448613738105
vn 5.119488457388853e-15 1 -2.400697423409046e-16
vn 0.1305261922200516 -4.602147248896049e-16 0.9914448613738105
vn -5.119488457388853e-15 -1 2.400697423409046e-16
vn -0.9914448613738104 5.090505820604983e-15 0.13052619222005157
vn 0.9914448613738104 -5.090505820604983e-15 -0.13052619222005157
vn -0.21643961393810288 1.2074379715273867e-15 -0.9762960071199335
vn 4.525552750552884e-16 1 1.0220001751824448e-15
vn 0.21643961393810288 -1.1764740315828244e-15 0.9762960071199335
vn -4.445454002941194e-16 -1 -9.858699649839733e-16
vn -0.9762960071199335 3.681437831747631e-16 0.21643961393810285
vn 0.9762960071199334 -3.6814378317476456e-16 -0.2164396139381028
vn -0.573576436351046 1.7615105103962693e-15 -0.8191520442889919
vn 2.3485221484198534e-15 1 2.544942285826972e-16
vn 0.573576436351046 -1.7615105103962695e-15 0.8191520442889918
vn -2.3212577789979504e-15 -1 -4.0911815120847537e-16
vn -0.819152044288992 1.7817938820040974e-15 0.5735764363510458
vn 0.8191520442889919 -1.6177478205633693e-15 -0.5735764363510459
usemtl m_6d377f5c-ef33-07ff-a05f-6fa8f30f090b
f 1/1/1 2/2/1 3/3/1 4/4/1
f 5/5/2 1/6/2 4/7/2 6/8/2
f 7/9/3 5/10/3 6/11/3 8/12/3
f 2/13/4 7/14/4 8/15/4 3/16/4
f 8/17/5 6/18/5 4/19/5 3/20/5
f 2/21/6 1/22/6 5/23/6 7/24/6
f 9/25/7 10/26/7 11/27/7 12/28/7
f 13/29/8 9/30/8 12/31/8 14/32/8
f 15/33/9 13/34/9 14/35/9 16/36/9
f 10/37/10 15/38/10 16/39/10 11/40/10
f 16/41/11 14/42/11 12/43/11 11/44/11
f 10/45/12 9/46/12 13/47/12 15/48/12
f 17/49/13 18/50/13 19/51/13 20/52/13
f 21/53/14 17/54/14 20/55/14 22/56/14
f 23/57/15 21/58/15 22/59/15 24/60/15
f 18/61/16 23/62/16 24/63/16 19/64/16
f 24/65/17 22/66/17 20/67/17 19/68/17
f 18/69/18 17/70/18 21/71/18 23/72/18