# Made in Blockbench 4.6.4
mtllib ranklin engien.mtl

o $Vent
v -0.076793 0.205332 0.406527
v 0.088831 0.205332 0.406527
v 0.088831 0.205332 0.244851
v -0.076793 0.205332 0.244851
v 0.088831 0.029076 0.244851
v -0.076793 0.029076 0.244851
v 0.088831 0.029076 0.406527
v -0.076793 0.029076 0.406527
v 0.14069 0.627931 0.314224
v 0.25253 0.581605 0.384114
v 0.265068 0.576411 0.360607
v 0.153229 0.622737 0.290716
v 0.084159 0.139657 0.360607
v -0.027681 0.185982 0.290716
v 0.07162 0.144851 0.384114
v -0.040219 0.191176 0.314224
v -0.059582 0.108965 0.384114
v 0.052257 0.06264 0.314223
v 0.039719 0.067834 0.290716
v -0.072121 0.114159 0.360607
v -0.141191 -0.368921 0.290716
v -0.25303 -0.322595 0.360607
v -0.128652 -0.374115 0.314223
v -0.240492 -0.327789 0.384114
v 0.322172 0.538256 0.314224
v 0.40777 0.452658 0.384114
v 0.417367 0.443061 0.360607
v 0.331769 0.528659 0.290716
v 0.08309 0.108784 0.360607
v -0.002509 0.194382 0.290716
v 0.073493 0.11838 0.384114
v -0.012105 0.203979 0.314224
v -0.061455 0.135436 0.384114
v 0.024143 0.049837 0.314223
v 0.014547 0.059434 0.290716
v -0.071052 0.145032 0.360607
v -0.319731 -0.274843 0.290716
v -0.405329 -0.189245 0.360607
v -0.310134 -0.28444 0.314223
v -0.395732 -0.198842 0.384114
v 0.455522 0.385958 0.314224
v 0.501848 0.274118 0.384114
v 0.507042 0.261579 0.360607
v 0.460716 0.373419 0.290716
v 0.070287 0.08067 0.360607
v 0.023962 0.192509 0.290716
v 0.065093 0.093208 0.384114
v 0.018768 0.205048 0.314224
v -0.053055 0.160608 0.384114
v -0.00673 0.048768 0.314223
v -0.011924 0.061307 0.290716
v -0.058249 0.173146 0.360607
v -0.448678 -0.119603 0.290716
v -0.495004 -0.007763 0.360607
v -0.443484 -0.132142 0.314223
v -0.48981 -0.020302 0.384114
v 0.52044 0.194221 0.314224
v 0.52044 0.073167 0.384114
v 0.52044 0.059595 0.360607
v 0.52044 0.180649 0.290716
v 0.0477 0.059595 0.360607
v 0.0477 0.180649 0.290716
v 0.0477 0.073167 0.384114
v 0.0477 0.194221 0.314224
v -0.035662 0.180649 0.384114
v -0.035662 0.059595 0.314223
v -0.035662 0.073167 0.290716
v -0.035662 0.194221 0.360607
v -0.508402 0.073167 0.290716
v -0.508402 0.194221 0.360607
v -0.508402 0.059595 0.314223
v -0.508402 0.180649 0.384114
v 0.507042 -0.007763 0.314224
v 0.460716 -0.119603 0.384114
v 0.455522 -0.132142 0.360607
v 0.501848 -0.020302 0.290716
v 0.018768 0.048768 0.360607
v 0.065093 0.160607 0.290716
v 0.023962 0.061307 0.384114
v 0.070287 0.173146 0.314224
v -0.011924 0.192509 0.384114
v -0.058249 0.08067 0.314223
v -0.053055 0.093208 0.290716
v -0.00673 0.205048 0.360607
v -0.48981 0.274118 0.290716
v -0.443484 0.385958 0.360607
v -0.495004 0.261579 0.314223
v -0.448678 0.373419 0.384114
v 0.417367 -0.189245 0.314224
v 0.331769 -0.274843 0.384114
v 0.322172 -0.28444 0.360607
v 0.40777 -0.198842 0.290716
v -0.012105 0.049837 0.360607
v 0.073493 0.135436 0.290716
v -0.002509 0.059434 0.384114
v 0.08309 0.145032 0.314224
v 0.014547 0.194382 0.384114
v -0.071052 0.108784 0.314223
v -0.061455 0.11838 0.290716
v 0.024143 0.203979 0.360607
v -0.395732 0.452658 0.290716
v -0.310134 0.538256 0.360607
v -0.405329 0.443061 0.314223
v -0.319731 0.528659 0.384114
v 0.265069 -0.322595 0.314224
v 0.153229 -0.368921 0.384114
v 0.14069 -0.374115 0.360607
v 0.25253 -0.327789 0.290716
v -0.040219 0.06264 0.360607
v 0.07162 0.108965 0.290716
v -0.027681 0.067834 0.384114
v 0.084159 0.114159 0.314224
v 0.039719 0.185982 0.384114
v -0.072121 0.139657 0.314223
v -0.059582 0.144851 0.290716
v 0.052257 0.191176 0.360607
v -0.240492 0.581605 0.290716
v -0.128652 0.627931 0.360607
v -0.253031 0.576411 0.314223
v -0.141191 0.622737 0.384114
v 0.073332 -0.387513 0.314224
v -0.047722 -0.387513 0.384114
v -0.061294 -0.387513 0.360607
v 0.05976 -0.387513 0.290716
v -0.061294 0.085227 0.360607
v 0.05976 0.085227 0.290716
v -0.047722 0.085227 0.384114
v 0.073332 0.085227 0.314224
v 0.05976 0.168589 0.384114
v -0.061294 0.168589 0.314223
v -0.047722 0.168589 0.290716
v 0.073332 0.168589 0.360607
v -0.047722 0.641329 0.290716
v 0.073332 0.641329 0.360607
v -0.061294 0.641329 0.314223
v 0.05976 0.641329 0.384114
vt 0.46875 0.34375
vt 0.4921875 0.34375
vt 0.4921875 0.3671875
vt 0.46875 0.3671875
vt 0.0234375 0.3515625
vt 0 0.3515625
vt 0 0.328125
vt 0.0234375 0.328125
vt 0.2421875 0.328125
vt 0.265625 0.328125
vt 0.265625 0.3515625
vt 0.2421875 0.3515625
vt 0.6484375 0.71875
vt 0.671875 0.71875
vt 0.671875 0.7421875
vt 0.6484375 0.7421875
vt 0.2734375 0.3515625
vt 0.2734375 0.328125
vt 0.296875 0.328125
vt 0.296875 0.3515625
vt 0.671875 0.6875
vt 0.671875 0.7109375
vt 0.6484375 0.7109375
vt 0.6484375 0.6875
vt 0.78125 0.609375
vt 0.765625 0.609375
vt 0.765625 0.6015625
vt 0.78125 0.6015625
vt 0.5859375 0.5
vt 0.5703125 0.5
vt 0.5703125 0.4375
vt 0.5859375 0.4375
vt 0.765625 0.9375
vt 0.765625 0.921875
vt 0.7734375 0.921875
vt 0.7734375 0.9375
vt 0.5703125 0.6640625
vt 0.5703125 0.6484375
vt 0.6328125 0.6484375
vt 0.6328125 0.6640625
vt 0.1640625 0.3203125
vt 0.1640625 0.2578125
vt 0.171875 0.2578125
vt 0.171875 0.3203125
vt 0.6796875 0.6796875
vt 0.7421875 0.6796875
vt 0.7421875 0.6875
vt 0.6796875 0.6875
vt 0.765625 0.65625
vt 0.765625 0.640625
vt 0.7734375 0.640625
vt 0.7734375 0.65625
vt 0.4921875 0.4375
vt 0.4765625 0.4375
vt 0.4765625 0.375
vt 0.4921875 0.375
vt 0.78125 0.7578125
vt 0.765625 0.7578125
vt 0.765625 0.75
vt 0.78125 0.75
vt 0.5703125 0.640625
vt 0.5703125 0.625
vt 0.6328125 0.625
vt 0.6328125 0.640625
vt 0.375 0.3203125
vt 0.3125 0.3203125
vt 0.3125 0.3125
vt 0.375 0.3125
vt 0.390625 0.2578125
vt 0.390625 0.3203125
vt 0.3828125 0.3203125
vt 0.3828125 0.2578125
vt 0.453125 0.234375
vt 0.4375 0.234375
vt 0.4375 0.2265625
vt 0.453125 0.2265625
vt 0.203125 0.4375
vt 0.1875 0.4375
vt 0.1875 0.375
vt 0.203125 0.375
vt 0.5078125 0.234375
vt 0.5078125 0.21875
vt 0.515625 0.21875
vt 0.515625 0.234375
vt 0.5546875 0.84375
vt 0.5546875 0.828125
vt 0.6171875 0.828125
vt 0.6171875 0.84375
vt 0.078125 0.3125
vt 0.078125 0.25
vt 0.0859375 0.25
vt 0.0859375 0.3125
vt 0.6875 0.46875
vt 0.75 0.46875
vt 0.75 0.4765625
vt 0.6875 0.4765625
vt 0.765625 0.5625
vt 0.765625 0.546875
vt 0.7734375 0.546875
vt 0.7734375 0.5625
vt 0.578125 0.8203125
vt 0.5625 0.8203125
vt 0.5625 0.7578125
vt 0.578125 0.7578125
vt 0.4296875 0.234375
vt 0.4140625 0.234375
vt 0.4140625 0.2265625
vt 0.4296875 0.2265625
vt 0.046875 0.4296875
vt 0.046875 0.4140625
vt 0.109375 0.4140625
vt 0.109375 0.4296875
vt 0.7578125 0.9296875
vt 0.6953125 0.9296875
vt 0.6953125 0.921875
vt 0.7578125 0.921875
vt 0.6484375 0.25
vt 0.6484375 0.3125
vt 0.640625 0.3125
vt 0.640625 0.25
vt 0.734375 0.2421875
vt 0.71875 0.2421875
vt 0.71875 0.234375
vt 0.734375 0.234375
vt 0.3203125 0.4609375
vt 0.3046875 0.4609375
vt 0.3046875 0.3984375
vt 0.3203125 0.3984375
vt 0.765625 0.984375
vt 0.765625 0.96875
vt 0.7734375 0.96875
vt 0.7734375 0.984375
vt 0.046875 0.453125
vt 0.046875 0.4375
vt 0.109375 0.4375
vt 0.109375 0.453125
vt 0.0625 0.3125
vt 0.0625 0.25
vt 0.0703125 0.25
vt 0.0703125 0.3125
vt 0.6796875 0.3828125
vt 0.7421875 0.3828125
vt 0.7421875 0.390625
vt 0.6796875 0.390625
vt 0.6640625 0.765625
vt 0.6640625 0.75
vt 0.671875 0.75
vt 0.671875 0.765625
vt 0.3671875 0.453125
vt 0.3515625 0.453125
vt 0.3515625 0.390625
vt 0.3671875 0.390625
vt 0.78125 1
vt 0.765625 1
vt 0.765625 0.9921875
vt 0.78125 0.9921875
vt 0.546875 0.5703125
vt 0.546875 0.5546875
vt 0.609375 0.5546875
vt 0.609375 0.5703125
vt 0.7421875 0.40625
vt 0.6796875 0.40625
vt 0.6796875 0.3984375
vt 0.7421875 0.3984375
vt 0.0546875 0.25
vt 0.0546875 0.3125
vt 0.046875 0.3125
vt 0.046875 0.25
vt 0.3671875 0.6875
vt 0.3515625 0.6875
vt 0.3515625 0.6796875
vt 0.3671875 0.6796875
vt 0.1875 0.4609375
vt 0.1875 0.4453125
vt 0.25 0.4453125
vt 0.25 0.4609375
vt 0.2265625 0.8046875
vt 0.2265625 0.7890625
vt 0.234375 0.7890625
vt 0.234375 0.8046875
vt 0.515625 0.7109375
vt 0.515625 0.6953125
vt 0.578125 0.6953125
vt 0.578125 0.7109375
vt 0.2421875 0.3125
vt 0.3046875 0.3125
vt 0.3046875 0.3203125
vt 0.2421875 0.3203125
vt 0.6796875 0.7109375
vt 0.7421875 0.7109375
vt 0.7421875 0.71875
vt 0.6796875 0.71875
vt 0.359375 0.6171875
vt 0.359375 0.6015625
vt 0.3671875 0.6015625
vt 0.3671875 0.6171875
vt 0.53125 0.9609375
vt 0.53125 0.9453125
vt 0.59375 0.9453125
vt 0.59375 0.9609375
vt 0.4921875 0.5703125
vt 0.4765625 0.5703125
vt 0.4765625 0.5625
vt 0.4921875 0.5625
vt 0.53125 0.9375
vt 0.53125 0.921875
vt 0.59375 0.921875
vt 0.59375 0.9375
vt 0.7421875 0.734375
vt 0.6796875 0.734375
vt 0.6796875 0.7265625
vt 0.7421875 0.7265625
vt 0.7421875 0.703125
vt 0.6796875 0.703125
vt 0.6796875 0.6953125
vt 0.7421875 0.6953125
vt 0.6796875 0.2421875
vt 0.6640625 0.2421875
vt 0.6640625 0.234375
vt 0.6796875 0.234375
vt 0.546875 0.546875
vt 0.546875 0.53125
vt 0.609375 0.53125
vt 0.609375 0.546875
vt 0.484375 0.2734375
vt 0.484375 0.2578125
vt 0.4921875 0.2578125
vt 0.4921875 0.2734375
vt 0.296875 0.4609375
vt 0.28125 0.4609375
vt 0.28125 0.3984375
vt 0.296875 0.3984375
vt 0.6796875 0.3671875
vt 0.7421875 0.3671875
vt 0.7421875 0.375
vt 0.6796875 0.375
vt 0.625 0.3203125
vt 0.625 0.2578125
vt 0.6328125 0.2578125
vt 0.6328125 0.3203125
vt 0.765625 0.9609375
vt 0.765625 0.9453125
vt 0.7734375 0.9453125
vt 0.7734375 0.9609375
vt 0.546875 0.5234375
vt 0.546875 0.5078125
vt 0.609375 0.5078125
vt 0.609375 0.5234375
vt 0.7578125 0.2421875
vt 0.7421875 0.2421875
vt 0.7421875 0.234375
vt 0.7578125 0.234375
vt 0.1328125 0.453125
vt 0.1171875 0.453125
vt 0.1171875 0.390625
vt 0.1328125 0.390625
vt 0.6875 0.296875
vt 0.6875 0.359375
vt 0.6796875 0.359375
vt 0.6796875 0.296875
vt 0.7421875 0.421875
vt 0.6796875 0.421875
vt 0.6796875 0.4140625
vt 0.7421875 0.4140625
vt 0.78125 0.578125
vt 0.765625 0.578125
vt 0.765625 0.5703125
vt 0.78125 0.5703125
vt 0.5625 0.75
vt 0.5625 0.734375
vt 0.625 0.734375
vt 0.625 0.75
vt 0.765625 0.5390625
vt 0.765625 0.5234375
vt 0.7734375 0.5234375
vt 0.7734375 0.5390625
vt 0.5703125 0.9140625
vt 0.5546875 0.9140625
vt 0.5546875 0.8515625
vt 0.5703125 0.8515625
vt 0.6875 0.5
vt 0.75 0.5
vt 0.75 0.5078125
vt 0.6875 0.5078125
vt 0.65625 0.3125
vt 0.65625 0.25
vt 0.6640625 0.25
vt 0.6640625 0.3125
vt 0.5234375 0.234375
vt 0.5234375 0.21875
vt 0.53125 0.21875
vt 0.53125 0.234375
vt 0.5546875 0.6875
vt 0.5546875 0.671875
vt 0.6171875 0.671875
vt 0.6171875 0.6875
vt 0.78125 0.59375
vt 0.765625 0.59375
vt 0.765625 0.5859375
vt 0.78125 0.5859375
vt 0.2265625 0.4375
vt 0.2109375 0.4375
vt 0.2109375 0.375
vt 0.2265625 0.375
vt 0.703125 0.9375
vt 0.703125 1
vt 0.6953125 1
vt 0.6953125 0.9375
vt 0.75 0.4921875
vt 0.6875 0.4921875
vt 0.6875 0.484375
vt 0.75 0.484375
vt 0.2109375 0.234375
vt 0.1953125 0.234375
vt 0.1953125 0.2265625
vt 0.2109375 0.2265625
vt 0.5703125 0.6171875
vt 0.5703125 0.6015625
vt 0.6328125 0.6015625
vt 0.6328125 0.6171875
vt 0.765625 0.6328125
vt 0.765625 0.6171875
vt 0.7734375 0.6171875
vt 0.7734375 0.6328125
vt 0.25 0.4375
vt 0.234375 0.4375
vt 0.234375 0.375
vt 0.25 0.375
vt 0.5390625 0.3125
vt 0.6015625 0.3125
vt 0.6015625 0.3203125
vt 0.5390625 0.3203125
vt 0.5 0.3203125
vt 0.5 0.2578125
vt 0.5078125 0.2578125
vt 0.5078125 0.3203125
vt 0.1796875 0.234375
vt 0.1796875 0.21875
vt 0.1875 0.21875
vt 0.1875 0.234375
vt 0.5703125 0.59375
vt 0.5703125 0.578125
vt 0.6328125 0.578125
vt 0.6328125 0.59375
vt 0.78125 0.7734375
vt 0.765625 0.7734375
vt 0.765625 0.765625
vt 0.78125 0.765625
vt 0.46875 0.4375
vt 0.453125 0.4375
vt 0.453125 0.375
vt 0.46875 0.375
vt 0.40625 0.2578125
vt 0.40625 0.3203125
vt 0.3984375 0.3203125
vt 0.3984375 0.2578125
vt 0.7421875 0.4375
vt 0.6796875 0.4375
vt 0.6796875 0.4296875
vt 0.7421875 0.4296875
vt 0.4453125 0.375
vt 0.4453125 0.390625
vt 0.4375 0.390625
vt 0.4375 0.375
vt 0.5234375 0.390625
vt 0.5390625 0.390625
vt 0.5390625 0.453125
vt 0.5234375 0.453125
vt 0.578125 0.7265625
vt 0.5625 0.7265625
vt 0.5625 0.71875
vt 0.578125 0.71875
vt 0.390625 0.453125
vt 0.375 0.453125
vt 0.375 0.390625
vt 0.390625 0.390625
vt 0.0390625 0.2890625
vt 0.0390625 0.3515625
vt 0.03125 0.3515625
vt 0.03125 0.2890625
vt 0.5234375 0.328125
vt 0.5234375 0.265625
vt 0.53125 0.265625
vt 0.53125 0.328125
vt 0.7734375 0.453125
vt 0.7578125 0.453125
vt 0.7578125 0.4453125
vt 0.7734375 0.4453125
vt 0.5 0.390625
vt 0.515625 0.390625
vt 0.515625 0.453125
vt 0.5 0.453125
vt 0.078125 0.3515625
vt 0.078125 0.3671875
vt 0.0703125 0.3671875
vt 0.0703125 0.3515625
vt 0.5625 0.5
vt 0.546875 0.5
vt 0.546875 0.4375
vt 0.5625 0.4375
vt 0.453125 0.265625
vt 0.453125 0.328125
vt 0.4453125 0.328125
vt 0.4453125 0.265625
vt 0.609375 0.3515625
vt 0.609375 0.2890625
vt 0.6171875 0.2890625
vt 0.6171875 0.3515625
vn 0 1 0
vn 0 0 -1
vn 0 -1 0
vn 0 0 1
vn -1 0 0
vn 1 0 0
vn 0.38269459270942946 0.9238749095237998 -0.0000162282160973039
vn 0.4619422375186947 -0.19134228478106569 -0.8660239599751173
vn -0.38268279188932697 -0.9238797977757516 0.000007323016420368869
vn -0.4619380017028947 0.19134158791463995 0.8660263733380416
vn -0.800119120222364 0.33142047610085257 -0.4999698605672892
vn 0.8001109912498886 -0.33141603583716717 0.49998581266981784
vn 0.38269149506959377 0.9238761926099576 0.000018163918558938038
vn -0.46194046957260887 0.19134217204240517 -0.8660249279143947
vn -0.3826902705486427 -0.92387670000947 -0.000002649314660559822
vn 0.4619397482855585 -0.19134081561193828 0.8660256123434418
vn -0.80011099124989 0.33141603583716767 0.49998581266981545
vn 0.8001106118321185 -0.3314169518071884 -0.49998581268718506
vn 0.7071067811865479 0.7071067811865471 -1.3716212661602191e-15
vn 0.35355538496788597 -0.353555384967886 -0.8660237753782629
vn -0.7070944727960538 -0.707119089079072 -0.000020031336238134546
vn -0.3535505709008241 0.35354951324650374 0.8660281378216655
vn -0.6123811037962408 0.6123829357532818 -0.4999765231603277
vn 0.6123675312423816 -0.6123675312423816 0.5000120132159045
vn 0.707119089079072 0.7070944727960538 0.000020031336238134535
vn -0.3535533072425897 0.3535543649082599 -0.8660250400491571
vn -0.7071067811865481 -0.7071067811865469 -9.144109064849946e-16
vn 0.353555384967886 -0.353555384967886 0.8660237753782629
vn -0.6123675312423813 0.6123675312423813 0.5000120132159053
vn 0.6123745916205614 -0.612376423558121 -0.4999924753510952
vn 0.9238776073533727 0.3826880800532743 0.000004018241606918071
vn 0.1913408156119383 -0.46193974828555856 -0.8660256123434417
vn -0.9238761926099576 -0.38269149506959366 -0.000018163918558709424
vn -0.19134011874167522 0.46193551247040177 0.8660280256889086
vn -0.3314154839599004 0.8001052362026552 -0.4999953879714475
vn 0.3314097480450462 -0.8000976430548737 0.5000113403501515
vn 0.9238797977757517 0.3826827918893268 -0.0000073230164201402685
vn -0.19134364122330033 0.4619429588128977 -0.8660232755339746
vn -0.9238776073438456 -0.38268808007627414 0.0000040182272329011774
vn 0.19134209232406693 -0.4619392194511389 0.8660256123452243
vn -0.33140974804504597 0.8000976430548734 0.5000113403501524
vn 0.33141195935943807 -0.8000967270912167 -0.5000113403628578
vn 1 0 0
vn 0 -0.500002363583586 -0.8660240391645188
vn -1 0 0
vn 0 0.4999969980486388 0.8660271369549281
vn 0 0.8660309890157534 -0.4999903259708095
vn 0 -0.866021778971059 0.5000062783083851
vn 1 0 0
vn 0 0.5000023635835857 -0.8660240391645185
vn -1 0 0
vn 0 -0.5000023635835859 0.8660240391645186
vn 0 0.8660217789710589 0.5000062783083853
vn 0 -0.866021778971059 -0.5000062783083851
vn 0.9238776073533728 -0.3826880800532743 -0.000004018241606460866
vn -0.191342092324067 -0.46193921945113897 -0.8660256123452243
vn -0.9238788904684797 0.3826849823435451 0.000005954119520737953
vn 0.19134158791463995 0.4619380017028947 0.8660263733380416
vn 0.33141327262199055 0.8001061521760523 -0.4999953879587431
vn -0.33141195935943785 -0.800096727091216 0.5000113403628585
vn 0.9238761926099576 -0.38269149506959366 0.000018163918558709424
vn 0.1913421720424051 0.46194046957260887 -0.8660249279143947
vn -0.923877607343846 0.3826880800762737 -0.000004018227231529572
vn -0.1913408156119383 -0.46193974828555856 0.8660256123434417
vn 0.33141195935943785 0.800096727091216 0.5000113403628585
vn -0.33141695180718844 -0.800110611832119 -0.49998581268718423
vn 0.7071067811865481 -0.7071067811865469 9.144141774401458e-16
vn -0.3535553849678859 -0.35355538496788586 -0.8660237753782629
vn -0.707119089079072 0.7070944727960538 -0.000020031336238134535
vn 0.3535495132465038 0.3535505709008241 0.8660281378216657
vn 0.6123829357532817 0.6123811037962409 -0.4999765231603276
vn -0.6123675312423816 -0.6123675312423815 0.5000120132159044
vn 0.7070944727960534 -0.7071190890790722 0.000020031336238363143
vn 0.3535543649082599 0.35355330724258965 -0.8660250400491571
vn -0.7071067811865476 0.7071067811865476 0
vn -0.35355538496788597 -0.353555384967886 0.8660237753782629
vn 0.6123675312423819 0.6123675312423821 0.5000120132159037
vn -0.612376423558121 -0.6123745916205613 -0.4999924753510951
vn 0.3826880800532733 -0.923877607353373 0.00000401824160463205
vn -0.46193974828555867 -0.1913408156119384 -0.8660256123434418
vn -0.38269149506959377 0.9238761926099576 -0.000018163918558938038
vn 0.46193551247040177 0.19134011874167528 0.8660280256889088
vn 0.8001052362026553 0.33141548395990034 -0.49999538797144755
vn -0.8000976430548732 -0.331409748045046 0.5000113403501523
vn 0.38268279188932697 -0.9238797977757516 -0.000007323016420368869
vn 0.4619429588128977 0.1913436412233004 -0.8660232755339746
vn -0.38268808007627403 0.9238776073438457 0.000004018227232901177
vn -0.46193921945113897 -0.19134209232406701 0.8660256123452243
vn 0.8000976430548729 0.3314097480450458 0.5000113403501532
vn -0.8000967270912167 -0.33141195935943807 -0.5000113403628578
vn 0 -1 0
vn -0.500002363583586 0 -0.8660240391645188
vn 0 1 0
vn 0.4999969980486388 0 0.866027136954928
vn 0.8660309890157534 0 -0.4999903259708093
vn -0.866021778971059 0 0.5000062783083853
vn 0 -1 0
vn 0.5000023635835859 0 -0.8660240391645186
vn 0 1 0
vn -0.5000023635835859 0 0.8660240391645186
vn 0.866021778971059 0 0.5000062783083851
vn -0.8660217789710589 0 -0.5000062783083853
usemtl m_8f7871f7-7539-1e18-fe5f-9e1fa7434ed4
f 1/1/1 2/2/1 3/3/1 4/4/1
f 4/5/2 3/6/2 5/7/2 6/8/2
f 6/9/3 5/10/3 7/11/3 8/12/3
f 8/13/4 7/14/4 2/15/4 1/16/4
f 4/17/5 6/18/5 8/19/5 1/20/5
f 5/21/6 3/22/6 2/23/6 7/24/6
f 9/25/7 10/26/7 11/27/7 12/28/7
f 12/29/8 11/30/8 13/31/8 14/32/8
f 14/33/9 13/34/9 15/35/9 16/36/9
f 16/37/10 15/38/10 10/39/10 9/40/10
f 12/41/11 14/42/11 16/43/11 9/44/11
f 13/45/12 11/46/12 10/47/12 15/48/12
f 17/49/13 18/50/13 19/51/13 20/52/13
f 20/53/14 19/54/14 21/55/14 22/56/14
f 22/57/15 21/58/15 23/59/15 24/60/15
f 24/61/16 23/62/16 18/63/16 17/64/16
f 20/65/17 22/66/17 24/67/17 17/68/17
f 21/69/18 19/70/18 18/71/18 23/72/18
f 25/73/19 26/74/19 27/75/19 28/76/19
f 28/77/20 27/78/20 29/79/20 30/80/20
f 30/81/21 29/82/21 31/83/21 32/84/21
f 32/85/22 31/86/22 26/87/22 25/88/22
f 28/89/23 30/90/23 32/91/23 25/92/23
f 29/93/24 27/94/24 26/95/24 31/96/24
f 33/97/25 34/98/25 35/99/25 36/100/25
f 36/101/26 35/102/26 37/103/26 38/104/26
f 38/105/27 37/106/27 39/107/27 40/108/27
f 40/109/28 39/110/28 34/111/28 33/112/28
f 36/113/29 38/114/29 40/115/29 33/116/29
f 37/117/30 35/118/30 34/119/30 39/120/30
f 41/121/31 42/122/31 43/123/31 44/124/31
f 44/125/32 43/126/32 45/127/32 46/128/32
f 46/129/33 45/130/33 47/131/33 48/132/33
f 48/133/34 47/134/34 42/135/34 41/136/34
f 44/137/35 46/138/35 48/139/35 41/140/35
f 45/141/36 43/142/36 42/143/36 47/144/36
f 49/145/37 50/146/37 51/147/37 52/148/37
f 52/149/38 51/150/38 53/151/38 54/152/38
f 54/153/39 53/154/39 55/155/39 56/156/39
f 56/157/40 55/158/40 50/159/40 49/160/40
f 52/161/41 54/162/41 56/163/41 49/164/41
f 53/165/42 51/166/42 50/167/42 55/168/42
f 57/169/43 58/170/43 59/171/43 60/172/43
f 60/173/44 59/174/44 61/175/44 62/176/44
f 62/177/45 61/178/45 63/179/45 64/180/45
f 64/181/46 63/182/46 58/183/46 57/184/46
f 60/185/47 62/186/47 64/187/47 57/188/47
f 61/189/48 59/190/48 58/191/48 63/192/48
f 65/193/49 66/194/49 67/195/49 68/196/49
f 68/197/50 67/198/50 69/199/50 70/200/50
f 70/201/51 69/202/51 71/203/51 72/204/51
f 72/205/52 71/206/52 66/207/52 65/208/52
f 68/209/53 70/210/53 72/211/53 65/212/53
f 69/213/54 67/214/54 66/215/54 71/216/54
f 73/217/55 74/218/55 75/219/55 76/220/55
f 76/221/56 75/222/56 77/223/56 78/224/56
f 78/225/57 77/226/57 79/227/57 80/228/57
f 80/229/58 79/230/58 74/231/58 73/232/58
f 76/233/59 78/234/59 80/235/59 73/236/59
f 77/237/60 75/238/60 74/239/60 79/240/60
f 81/241/61 82/242/61 83/243/61 84/244/61
f 84/245/62 83/246/62 85/247/62 86/248/62
f 86/249/63 85/250/63 87/251/63 88/252/63
f 88/253/64 87/254/64 82/255/64 81/256/64
f 84/257/65 86/258/65 88/259/65 81/260/65
f 85/261/66 83/262/66 82/263/66 87/264/66
f 89/265/67 90/266/67 91/267/67 92/268/67
f 92/269/68 91/270/68 93/271/68 94/272/68
f 94/273/69 93/274/69 95/275/69 96/276/69
f 96/277/70 95/278/70 90/279/70 89/280/70
f 92/281/71 94/282/71 96/283/71 89/284/71
f 93/285/72 91/286/72 90/287/72 95/288/72
f 97/289/73 98/290/73 99/291/73 100/292/73
f 100/293/74 99/294/74 101/295/74 102/296/74
f 102/297/75 101/298/75 103/299/75 104/300/75
f 104/301/76 103/302/76 98/303/76 97/304/76
f 100/305/77 102/306/77 104/307/77 97/308/77
f 101/309/78 99/310/78 98/311/78 103/312/78
f 105/313/79 106/314/79 107/315/79 108/316/79
f 108/317/80 107/318/80 109/319/80 110/320/80
f 110/321/81 109/322/81 111/323/81 112/324/81
f 112/325/82 111/326/82 106/327/82 105/328/82
f 108/329/83 110/330/83 112/331/83 105/332/83
f 109/333/84 107/334/84 106/335/84 111/336/84
f 113/337/85 114/338/85 115/339/85 116/340/85
f 116/341/86 115/342/86 117/343/86 118/344/86
f 118/345/87 117/346/87 119/347/87 120/348/87
f 120/349/88 119/350/88 114/351/88 113/352/88
f 116/353/89 118/354/89 120/355/89 113/356/89
f 117/357/90 115/358/90 114/359/90 119/360/90
f 121/361/91 122/362/91 123/363/91 124/364/91
f 124/365/92 123/366/92 125/367/92 126/368/92
f 126/369/93 125/370/93 127/371/93 128/372/93
f 128/373/94 127/374/94 122/375/94 121/376/94
f 124/377/95 126/378/95 128/379/95 121/380/95
f 125/381/96 123/382/96 122/383/96 127/384/96
f 129/385/97 130/386/97 131/387/97 132/388/97
f 132/389/98 131/390/98 133/391/98 134/392/98
f 134/393/99 133/394/99 135/395/99 136/396/99
f 136/397/100 135/398/100 130/399/100 129/400/100
f 132/401/101 134/402/101 136/403/101 129/404/101
f 133/405/102 131/406/102 130/407/102 135/408/102
o Engine
v 0.3421875 0.5 -0.6875000000000001
v -0.5 0.75 0.375
v -0.5 0.75 0.25
v -0.5 -0.5 0.375
v -0.5 -0.5 0.25
v -0.625 0.75 0.375
v -0.625 0.75 0.25
v -0.625 -0.5 0.375
v -0.625 -0.5 0.25
v -0.5 0.625 -0.1875
v -0.5 0.625 -0.34375
v -0.5 -0.1875 -0.1875
v -0.5 -0.1875 -0.34375
v -0.65625 0.625 -0.1875
v -0.65625 0.625 -0.34375
v -0.65625 -0.1875 -0.1875
v -0.65625 -0.1875 -0.34375
v 0.65625 0.625 -0.1875
v 0.65625 0.625 -0.34375
v 0.65625 -0.1875 -0.1875
v 0.65625 -0.1875 -0.34375
v 0.5 0.625 -0.1875
v 0.5 0.625 -0.34375
v 0.5 -0.1875 -0.1875
v 0.5 -0.1875 -0.34375
v 0.4703125 0.6250000000000002 -1.4375
v 0.4703125 0.5000000000000002 -1.4375
v 0.4703125 0.625 -0.6875000000000001
v 0.4703125 0.5 -0.6875000000000001
v 0.3421875 0.6250000000000002 -1.4375
v 0.3421875 0.5000000000000002 -1.4375
v 0.3421875 0.625 -0.6875000000000001
v 0.465625 1.6653345369377348e-16 -0.4843750000000001
v 0.465625 -0.12499999999999983 -0.4843750000000001
v 0.465625 5.551115123125783e-17 -0.10937500000000011
v 0.465625 -0.12499999999999994 -0.10937500000000011
v 0.346875 1.6653345369377348e-16 -0.4843750000000001
v 0.346875 -0.12499999999999983 -0.4843750000000001
v 0.346875 5.551115123125783e-17 -0.10937500000000011
v 0.346875 -0.12499999999999994 -0.10937500000000011
v 0.4671875 0.31250000000000017 -0.5625000000000001
v 0.4671875 0.18750000000000017 -0.5625000000000001
v 0.4671875 0.3125000000000001 -0.1250000000000001
v 0.4671875 0.1875000000000001 -0.1250000000000001
v 0.3453125 0.31250000000000017 -0.5625000000000001
v 0.3453125 0.18750000000000017 -0.5625000000000001
v 0.3453125 0.3125000000000001 -0.1250000000000001
v 0.3453125 0.1875000000000001 -0.1250000000000001
v 0.34375 0.31250000000000017 -0.5625000000000001
v 0.34375 0.18750000000000017 -0.5625000000000001
v 0.34375 0.31250000000000017 -0.4375000000000001
v 0.34375 0.18750000000000017 -0.4375000000000001
v 0.15625 0.31250000000000017 -0.5625000000000001
v 0.15625 0.18750000000000017 -0.5625000000000001
v 0.15625 0.31250000000000017 -0.4375000000000001
v 0.15625 0.18750000000000017 -0.4375000000000001
v 0.4703125 0.6250000000000002 -0.6875000000000001
v 0.4703125 0.5000000000000002 -0.6875000000000001
v 0.4703125 0.625 -0.1250000000000001
v 0.4703125 0.5 -0.1250000000000001
v 0.3421875 0.6250000000000002 -0.6875000000000001
v 0.3421875 0.5000000000000002 -0.6875000000000001
v 0.3421875 0.625 -0.1250000000000001
v 0.3421875 0.5 -0.1250000000000001
v 0.640625 0.8421875 -0.203125
v 0.640625 0.8421875 -0.328125
v 0.640625 0.6234375 -0.203125
v 0.640625 0.6234375 -0.328125
v 0.515625 0.8421875 -0.203125
v 0.515625 0.8421875 -0.328125
v 0.515625 0.6234375 -0.203125
v 0.515625 0.6234375 -0.328125
v 0.640625 -0.1875 -0.203125
v 0.640625 -0.1875 -0.328125
v 0.640625 -0.4375 -0.203125
v 0.640625 -0.4375 -0.328125
v 0.515625 -0.1875 -0.203125
v 0.515625 -0.1875 -0.328125
v 0.515625 -0.4375 -0.203125
v 0.515625 -0.4375 -0.328125
v 0.640625 -0.3125 -0.328125
v 0.640625 -0.3125 -0.453125
v 0.640625 -0.4375 -0.328125
v 0.640625 -0.4375 -0.453125
v 0.515625 -0.3125 -0.328125
v 0.515625 -0.3125 -0.453125
v 0.515625 -0.4375 -0.328125
v 0.515625 -0.4375 -0.453125
v 0.640625 -0.3125 -0.453125
v 0.640625 -0.3125 -0.578125
v 0.640625 -0.4375 -0.453125
v 0.640625 -0.4375 -0.578125
v 0.265625 -0.3125 -0.453125
v 0.265625 -0.3125 -0.578125
v 0.265625 -0.4375 -0.453125
v 0.265625 -0.4375 -0.578125
v -0.265625 -0.3125 -0.453125
v -0.265625 -0.3125 -0.578125
v -0.265625 -0.4375 -0.453125
v -0.265625 -0.4375 -0.578125
v -0.640625 -0.3125 -0.453125
v -0.640625 -0.3125 -0.578125
v -0.640625 -0.4375 -0.453125
v -0.640625 -0.4375 -0.578125
v -0.515625 -0.1875 -0.203125
v -0.515625 -0.1875 -0.328125
v -0.515625 -0.4375 -0.203125
v -0.515625 -0.4375 -0.328125
v -0.640625 -0.1875 -0.203125
v -0.640625 -0.1875 -0.328125
v -0.640625 -0.4375 -0.203125
v -0.640625 -0.4375 -0.328125
v -0.515625 -0.3125 -0.328125
v -0.515625 -0.3125 -0.453125
v -0.515625 -0.4375 -0.328125
v -0.515625 -0.4375 -0.453125
v -0.640625 -0.3125 -0.328125
v -0.640625 -0.3125 -0.453125
v -0.640625 -0.4375 -0.328125
v -0.640625 -0.4375 -0.453125
v 0.265625 0.84375 -0.375
v 0.265625 0.84375 -0.5
v 0.265625 0.71875 -0.375
v 0.265625 0.71875 -0.5
v 0.140625 0.84375 -0.375
v 0.140625 0.84375 -0.5
v 0.140625 0.71875 -0.375
v 0.140625 0.71875 -0.5
v 0.543705242893727 0.84375 -0.2173589579447923
v 0.6014238195481062 0.84375 -0.32823531209207
v 0.543705242893727 0.71875 -0.2173589579447923
v 0.6014238195481062 0.71875 -0.32823531209207
v 0.2110761804518938 0.84375 -0.39051468790793
v 0.26879475710627304 0.84375 -0.5013910420552077
v 0.2110761804518938 0.71875 -0.39051468790793
v 0.26879475710627304 0.71875 -0.5013910420552077
v -0.140625 0.84375 -0.375
v -0.140625 0.84375 -0.5
v -0.140625 0.71875 -0.375
v -0.140625 0.71875 -0.5
v -0.265625 0.84375 -0.375
v -0.265625 0.84375 -0.5
v -0.265625 0.71875 -0.375
v -0.265625 0.71875 -0.5
v -0.2110761804518938 0.84375 -0.39051468790793
v -0.26879475710627304 0.84375 -0.5013910420552077
v -0.2110761804518938 0.71875 -0.39051468790793
v -0.26879475710627304 0.71875 -0.5013910420552077
v -0.543705242893727 0.84375 -0.2173589579447923
v -0.6014238195481062 0.84375 -0.32823531209207
v -0.543705242893727 0.71875 -0.2173589579447923
v -0.6014238195481062 0.71875 -0.32823531209207
v -0.515625 0.8421874999999999 -0.203125
v -0.515625 0.8421874999999999 -0.328125
v -0.515625 0.6234375 -0.203125
v -0.515625 0.6234375 -0.328125
v -0.640625 0.8421874999999999 -0.203125
v -0.640625 0.8421874999999999 -0.328125
v -0.640625 0.6234375 -0.203125
v -0.640625 0.6234375 -0.328125
v 0.46875 0.6254101853047738 -0.6568002437408628
v 0.46875 0.5775747562591375 -0.7722851853047736
v 0.46875 -0.06749946407869134 -0.36978766946704544
v 0.46875 -0.11533489312432754 -0.4852726110309563
v 0.34375 0.6254101853047738 -0.6568002437408628
v 0.34375 0.5775747562591375 -0.7722851853047736
v 0.34375 -0.06749946407869134 -0.36978766946704544
v 0.34375 -0.11533489312432754 -0.4852726110309563
v -0.3421875 0.5156250000000002 -1.390625
v -0.3421875 0.3906250000000002 -1.390625
v -0.3421875 0.515625 -0.7031250000000001
v -0.3421875 0.39062500000000006 -0.7031250000000001
v -0.4703125 0.5156250000000002 -1.390625
v -0.4703125 0.3906250000000002 -1.390625
v -0.4703125 0.515625 -0.7031250000000001
v -0.4703125 0.39062500000000006 -0.7031250000000001
v -0.34375 0.5221451268686845 -0.704635672786499
v -0.34375 0.4743096978230483 -0.8201206143504098
v -0.34375 -0.28624946407869134 -0.36978766946704544
v -0.34375 -0.33408489312432754 -0.4852726110309563
v -0.46875 0.5221451268686845 -0.704635672786499
v -0.46875 0.4743096978230483 -0.8201206143504098
v -0.46875 -0.28624946407869134 -0.36978766946704544
v -0.46875 -0.33408489312432754 -0.4852726110309563
v -0.346875 -0.21874999999999983 -0.4843750000000001
v -0.346875 -0.34374999999999983 -0.4843750000000001
v -0.346875 -0.21874999999999994 -0.10937500000000011
v -0.346875 -0.34374999999999994 -0.10937500000000011
v -0.465625 -0.21874999999999983 -0.4843750000000001
v -0.465625 -0.34374999999999983 -0.4843750000000001
v -0.465625 -0.21874999999999994 -0.10937500000000011
v -0.465625 -0.34374999999999994 -0.10937500000000011
v -0.346875 0.09375000000000017 -0.5625000000000001
v -0.346875 -0.031249999999999833 -0.5625000000000001
v -0.346875 0.09375000000000011 -0.1250000000000001
v -0.346875 -0.03124999999999989 -0.1250000000000001
v -0.465625 0.09375000000000017 -0.5625000000000001
v -0.465625 -0.031249999999999833 -0.5625000000000001
v -0.465625 0.09375000000000011 -0.1250000000000001
v -0.465625 -0.03124999999999989 -0.1250000000000001
v -0.3453125 0.4062500000000002 -0.6875000000000001
v -0.3453125 0.2812500000000002 -0.6875000000000001
v -0.3453125 0.40625000000000006 -0.1250000000000001
v -0.3453125 0.28125000000000006 -0.1250000000000001
v -0.4671875 0.4062500000000002 -0.6875000000000001
v -0.4671875 0.2812500000000002 -0.6875000000000001
v -0.4671875 0.40625000000000006 -0.1250000000000001
v -0.4671875 0.28125000000000006 -0.1250000000000001
v 0.625 0.75 0.375
v 0.625 0.75 0.25
v 0.625 -0.5 0.375
v 0.625 -0.5 0.25
v 0.5 0.75 0.375
v 0.5 0.75 0.25
v 0.5 -0.5 0.375
v 0.5 -0.5 0.25
v 0.25 0.75 0.1875
v 0.25 0.75 -0.1875
v 0.25 -0.5 0.1875
v 0.25 -0.5 -0.1875
v -0.25 0.75 0.1875
v -0.25 0.75 -0.1875
v -0.25 -0.5 0.1875
v -0.25 -0.5 -0.1875
v 0.1875 0.8125 0.1875
v 0.1875 0.8125 -0.1875
v 0.1875 0.75 0.1875
v 0.1875 0.75 -0.1875
v -0.1875 0.8125 0.1875
v -0.1875 0.8125 -0.1875
v -0.1875 0.75 0.1875
v -0.1875 0.75 -0.1875
v 0.15625 1.125 0.15625
v 0.15625 1.125 -0.15625
v 0.15625 0.8125 0.15625
v 0.15625 0.8125 -0.15625
v -0.15625 1.125 0.15625
v -0.15625 1.125 -0.15625
v -0.15625 0.8125 0.15625
v -0.15625 0.8125 -0.15625
v 0.3125 -0.125 -0.3125
v 0.3125 -0.125 -0.6875
v 0.3125 -0.5 -0.3125
v 0.3125 -0.5 -0.6875
v -0.3125 -0.125 -0.3125
v -0.3125 -0.125 -0.6875
v -0.3125 -0.5 -0.3125
v -0.3125 -0.5 -0.6875
v 0.15625 0.625 -0.1875
v 0.15625 0.625 -0.375
v 0.15625 -0.0625 -0.1875
v 0.15625 -0.0625 -0.375
v -0.15625 0.625 -0.1875
v -0.15625 0.625 -0.375
v -0.15625 -0.0625 -0.1875
v -0.15625 -0.0625 -0.375
v 0.09375 0.125 -0.375
v 0.09375 0.125 -0.5625
v 0.09375 -0.125 -0.375
v 0.09375 -0.125 -0.5625
v -0.09375 0.125 -0.375
v -0.09375 0.125 -0.5625
v -0.09375 -0.125 -0.375
v -0.09375 -0.125 -0.5625
v 0.1875 0.375 -0.375
v 0.1875 0.375 -0.75
v 0.1875 0.125 -0.375
v 0.1875 0.125 -0.75
v -0.1875 0.375 -0.375
v -0.1875 0.375 -0.75
v -0.1875 0.125 -0.375
v -0.1875 0.125 -0.75
v 0.0625 0.625 -0.5
v 0.0625 0.625 -0.625
v 0.0625 0.375 -0.5
v 0.0625 0.375 -0.625
v -0.0625 0.625 -0.5
v -0.0625 0.625 -0.625
v -0.0625 0.375 -0.5
v -0.0625 0.375 -0.625
v 0.15625 0.6875 -0.1875
v 0.15625 0.6875 -0.5625
v 0.15625 0.625 -0.1875
v 0.15625 0.625 -0.5625
v -0.15625 0.6875 -0.1875
v -0.15625 0.6875 -0.5625
v -0.15625 0.625 -0.1875
v -0.15625 0.625 -0.5625
v 0.15625 0.6875 0.25
v 0.15625 0.6875 0.1875
v 0.15625 0.625 0.25
v 0.15625 0.625 0.1875
v -0.15625 0.6875 0.25
v -0.15625 0.6875 0.1875
v -0.15625 0.625 0.25
v -0.15625 0.625 0.1875
v 0.15625 0.875 -0.34375
v 0.15625 0.875 -0.53125
v 0.15625 0.6875 -0.34375
v 0.15625 0.6875 -0.53125
v -0.15625 0.875 -0.34375
v -0.15625 0.875 -0.53125
v -0.15625 0.6875 -0.34375
v -0.15625 0.6875 -0.53125
v 0.5625 0.625 0.125
v 0.5625 0.625 -0.125
v 0.5625 0.375 0.125
v 0.5625 0.375 -0.125
v 0.25 0.625 0.125
v 0.25 0.625 -0.125
v 0.25 0.375 0.125
v 0.25 0.375 -0.125
v 0.5625 0.3125 0.125
v 0.5625 0.3125 -0.125
v 0.5625 0.0625 0.125
v 0.5625 0.0625 -0.125
v 0.25 0.3125 0.125
v 0.25 0.3125 -0.125
v 0.25 0.0625 0.125
v 0.25 0.0625 -0.125
v 0.5625 0 0.125
v 0.5625 0 -0.125
v 0.5625 -0.25 0.125
v 0.5625 -0.25 -0.125
v 0.25 0 0.125
v 0.25 0 -0.125
v 0.25 -0.25 0.125
v 0.25 -0.25 -0.125
v -0.25 -0.15625 0.125
v -0.25 -0.15625 -0.125
v -0.25 -0.40625 0.125
v -0.25 -0.40625 -0.125
v -0.5625 -0.15625 0.125
v -0.5625 -0.15625 -0.125
v -0.5625 -0.40625 0.125
v -0.5625 -0.40625 -0.125
v -0.25 0.46875 0.125
v -0.25 0.46875 -0.125
v -0.25 0.21875 0.125
v -0.25 0.21875 -0.125
v -0.5625 0.46875 0.125
v -0.5625 0.46875 -0.125
v -0.5625 0.21875 0.125
v -0.5625 0.21875 -0.125
v -0.25 0.15625 0.125
v -0.25 0.15625 -0.125
v -0.25 -0.09375 0.125
v -0.25 -0.09375 -0.125
v -0.5625 0.15625 0.125
v -0.5625 0.15625 -0.125
v -0.5625 -0.09375 0.125
v -0.5625 -0.09375 -0.125
v -0.5625 0.4375 0.09375
v -0.5625 0.4375 -0.09375
v -0.5625 0.25 0.09375
v -0.5625 0.25 -0.09375
v -0.625 0.4375 0.09375
v -0.625 0.4375 -0.09375
v -0.625 0.25 0.09375
v -0.625 0.25 -0.09375
v -0.5625 0.125 0.09375
v -0.5625 0.125 -0.09375
v -0.5625 -0.0625 0.09375
v -0.5625 -0.0625 -0.09375
v -0.625 0.125 0.09375
v -0.625 0.125 -0.09375
v -0.625 -0.0625 0.09375
v -0.625 -0.0625 -0.09375
v -0.5625 -0.1875 0.09375
v -0.5625 -0.1875 -0.09375
v -0.5625 -0.375 0.09375
v -0.5625 -0.375 -0.09375
v -0.625 -0.1875 0.09375
v -0.625 -0.1875 -0.09375
v -0.625 -0.375 0.09375
v -0.625 -0.375 -0.09375
v 0.625 -0.03125 0.09375
v 0.625 -0.03125 -0.09375
v 0.625 -0.21875 0.09375
v 0.625 -0.21875 -0.09375
v 0.5625 -0.03125 0.09375
v 0.5625 -0.03125 -0.09375
v 0.5625 -0.21875 0.09375
v 0.5625 -0.21875 -0.09375
v 0.625 0.28125 0.09375
v 0.625 0.28125 -0.09375
v 0.625 0.09375 0.09375
v 0.625 0.09375 -0.09375
v 0.5625 0.28125 0.09375
v 0.5625 0.28125 -0.09375
v 0.5625 0.09375 0.09375
v 0.5625 0.09375 -0.09375
v 0.625 0.59375 0.09375
v 0.625 0.59375 -0.09375
v 0.625 0.40625 0.09375
v 0.625 0.40625 -0.09375
v 0.5625 0.59375 0.09375
v 0.5625 0.59375 -0.09375
v 0.5625 0.40625 0.09375
v 0.5625 0.40625 -0.09375
v 0.5 0.75 0.375
v 0.5 0.75 0.25
v 0.5 0.625 0.375
v 0.5 0.625 0.25
v -0.5 0.75 0.375
v -0.5 0.75 0.25
v -0.5 0.625 0.375
v -0.5 0.625 0.25
v 0.5 -0.375 0.375
v 0.5 -0.375 0.25
v 0.5 -0.5 0.375
v 0.5 -0.5 0.25
v -0.5 -0.375 0.375
v -0.5 -0.375 0.25
v -0.5 -0.5 0.375
v -0.5 -0.5 0.25
v 0.125 0.25 0.3125
v 0.125 0.25 0.1875
v 0.125 0 0.3125
v 0.125 0 0.1875
v -0.125 0.25 0.3125
v -0.125 0.25 0.1875
v -0.125 0 0.3125
v -0.125 0 0.1875
vt 0.2578125 0.6796875
vt 0.2578125 0.8359375
vt 0.2421875 0.8359375
vt 0.2421875 0.6796875
vt 0.1640625 0.5703125
vt 0.1640625 0.7265625
vt 0.1484375 0.7265625
vt 0.1484375 0.5703125
vt 0.4296875 0.8046875
vt 0.4296875 0.7890625
vt 0.4453125 0.7890625
vt 0.4453125 0.8046875
vt 0.328125 0.40625
vt 0.328125 0.421875
vt 0.34375 0.421875
vt 0.34375 0.40625
vt 0.28125 0.734375
vt 0.28125 0.890625
vt 0.265625 0.890625
vt 0.265625 0.734375
vt 0.234375 0.625
vt 0.234375 0.78125
vt 0.21875 0.78125
vt 0.21875 0.625
vt 0.0546875 0.5859375
vt 0.0546875 0.6875
vt 0.078125 0.6875
vt 0.078125 0.5859375
vt 0.2890625 0.625
vt 0.2890625 0.7265625
vt 0.3125 0.7265625
vt 0.3125 0.625
vt 0.4921875 0.3359375
vt 0.4921875 0.3125
vt 0.46875 0.3125
vt 0.46875 0.3359375
vt 0.203125 0.3046875
vt 0.203125 0.328125
vt 0.1796875 0.328125
vt 0.1796875 0.3046875
vt 0.3125 0.8984375
vt 0.3125 1
vt 0.3359375 1
vt 0.3359375 0.8984375
vt 0.2890625 0.734375
vt 0.2890625 0.8359375
vt 0.3125 0.8359375
vt 0.3125 0.734375
vt 0.3203125 0.6796875
vt 0.3203125 0.78125
vt 0.34375 0.78125
vt 0.34375 0.6796875
vt 0.1171875 0.5859375
vt 0.1171875 0.6875
vt 0.140625 0.6875
vt 0.140625 0.5859375
vt 0.15625 0.3203125
vt 0.15625 0.296875
vt 0.1328125 0.296875
vt 0.1328125 0.3203125
vt 0.703125 0.7421875
vt 0.703125 0.765625
vt 0.6796875 0.765625
vt 0.6796875 0.7421875
vt 0.3203125 0.7890625
vt 0.3203125 0.890625
vt 0.34375 0.890625
vt 0.34375 0.7890625
vt 0.0859375 0.5859375
vt 0.0859375 0.6875
vt 0.109375 0.6875
vt 0.109375 0.5859375
vt 0.015625 0.46875
vt 0.015625 0.5625
vt 0 0.5625
vt 0 0.46875
vt 0.15625 0.46875
vt 0.15625 0.5625
vt 0.140625 0.5625
vt 0.140625 0.46875
vt 0.71875 0.3125
vt 0.71875 0.296875
vt 0.734375 0.296875
vt 0.734375 0.3125
vt 0.6953125 0.265625
vt 0.6953125 0.28125
vt 0.7109375 0.28125
vt 0.7109375 0.265625
vt 0.0390625 0.46875
vt 0.0390625 0.5625
vt 0.0234375 0.5625
vt 0.0234375 0.46875
vt 0.4453125 0.8125
vt 0.4453125 0.90625
vt 0.4296875 0.90625
vt 0.4296875 0.8125
vt 0.5390625 0.3359375
vt 0.5390625 0.3828125
vt 0.5234375 0.3828125
vt 0.5234375 0.3359375
vt 0.640625 0.7890625
vt 0.640625 0.8359375
vt 0.625 0.8359375
vt 0.625 0.7890625
vt 0.7265625 0.890625
vt 0.7265625 0.875
vt 0.7421875 0.875
vt 0.7421875 0.890625
vt 0.7265625 0.8515625
vt 0.7265625 0.8671875
vt 0.7421875 0.8671875
vt 0.7421875 0.8515625
vt 0.640625 0.84375
vt 0.640625 0.890625
vt 0.625 0.890625
vt 0.625 0.84375
vt 0.2578125 0.625
vt 0.2578125 0.671875
vt 0.2421875 0.671875
vt 0.2421875 0.625
vt 0.125 0.328125
vt 0.125 0.3828125
vt 0.109375 0.3828125
vt 0.109375 0.328125
vt 0.171875 0.328125
vt 0.171875 0.3828125
vt 0.15625 0.3828125
vt 0.15625 0.328125
vt 0.7265625 0.84375
vt 0.7265625 0.828125
vt 0.7421875 0.828125
vt 0.7421875 0.84375
vt 0.7265625 0.8046875
vt 0.7265625 0.8203125
vt 0.7421875 0.8203125
vt 0.7421875 0.8046875
vt 0.1484375 0.328125
vt 0.1484375 0.3828125
vt 0.1328125 0.3828125
vt 0.1328125 0.328125
vt 0.1015625 0.3515625
vt 0.1015625 0.40625
vt 0.0859375 0.40625
vt 0.0859375 0.3515625
vt 0.75 0.4453125
vt 0.75 0.4609375
vt 0.734375 0.4609375
vt 0.734375 0.4453125
vt 0.578125 0.25
vt 0.578125 0.265625
vt 0.5625 0.265625
vt 0.5625 0.25
vt 0.09375 0.2890625
vt 0.09375 0.2734375
vt 0.1171875 0.2734375
vt 0.1171875 0.2890625
vt 0.125 0.2734375
vt 0.125 0.2890625
vt 0.1484375 0.2890625
vt 0.1484375 0.2734375
vt 0.734375 0.953125
vt 0.734375 0.96875
vt 0.7109375 0.96875
vt 0.7109375 0.953125
vt 0.0234375 0.2734375
vt 0.0234375 0.2890625
vt 0 0.2890625
vt 0 0.2734375
vt 0.2734375 0.3984375
vt 0.2734375 0.46875
vt 0.2578125 0.46875
vt 0.2578125 0.3984375
vt 0.4453125 0.3984375
vt 0.4453125 0.46875
vt 0.4296875 0.46875
vt 0.4296875 0.3984375
vt 0 0.265625
vt 0 0.25
vt 0.015625 0.25
vt 0.015625 0.265625
vt 0.0234375 0.25
vt 0.0234375 0.265625
vt 0.0390625 0.265625
vt 0.0390625 0.25
vt 0.421875 0.3984375
vt 0.421875 0.46875
vt 0.40625 0.46875
vt 0.40625 0.3984375
vt 0.34375 0.4296875
vt 0.34375 0.5
vt 0.328125 0.5
vt 0.328125 0.4296875
vt 0.3515625 0.2734375
vt 0.3515625 0.3046875
vt 0.3359375 0.3046875
vt 0.3359375 0.2734375
vt 0.7109375 0.6015625
vt 0.7109375 0.6328125
vt 0.6953125 0.6328125
vt 0.6953125 0.6015625
vt 0.5859375 0.265625
vt 0.5859375 0.25
vt 0.6015625 0.25
vt 0.6015625 0.265625
vt 0.671875 0.25
vt 0.671875 0.265625
vt 0.6875 0.265625
vt 0.6875 0.25
vt 0.375 0.2734375
vt 0.375 0.3046875
vt 0.359375 0.3046875
vt 0.359375 0.2734375
vt 0.7109375 0.640625
vt 0.7109375 0.671875
vt 0.6953125 0.671875
vt 0.6953125 0.640625
vt 0.6015625 0.2734375
vt 0.6015625 0.3046875
vt 0.5859375 0.3046875
vt 0.5859375 0.2734375
vt 0.7109375 0.2890625
vt 0.7109375 0.3203125
vt 0.6953125 0.3203125
vt 0.6953125 0.2890625
vt 0.75 0.84375
vt 0.75 0.828125
vt 0.765625 0.828125
vt 0.765625 0.84375
vt 0.75 0.8046875
vt 0.75 0.8203125
vt 0.765625 0.8203125
vt 0.765625 0.8046875
vt 0.7109375 0.328125
vt 0.7109375 0.359375
vt 0.6953125 0.359375
vt 0.6953125 0.328125
